1694344972.345368 -0.000000029 0.000000030 0.000000004 0.000000003 0.000000001 -0.000000010 1.000000000 0
1694344983.217116 0.091806620 0.001292755 -0.002504955 -0.000600176 -0.001101759 0.000104565 0.999999225 1
1694344983.547389 0.193731874 0.000892766 -0.000554257 -0.000511207 -0.001090055 0.000041799 0.999999285 1
1694344983.813690 0.316581339 0.007270880 -0.009054921 -0.000622884 -0.002154349 -0.000173046 0.999997437 1
1694344984.014704 0.412630886 -0.004137660 -0.011075697 -0.000965454 -0.002454105 0.000356403 0.999996483 1
1694344984.280848 0.543736935 0.003715669 -0.011474017 -0.000352990 -0.002818286 -0.000093027 0.999995947 1
1694344984.547942 0.665078878 0.005643924 -0.009914459 -0.000044826 -0.003131858 0.000081431 0.999995112 1
1694344984.774765 0.791475177 0.006536665 -0.015495272 0.000728763 -0.003816769 0.000271927 0.999992371 1
1694344985.036782 0.940827966 0.001795273 -0.014210788 0.000467370 -0.003853447 0.000329357 0.999992430 1
1694344985.236547 1.066882849 -0.000072139 -0.015640585 0.000959473 -0.004343782 0.000644810 0.999989867 1
1694344985.439264 1.213967323 -0.004854041 -0.013513983 0.000663022 -0.004257923 0.000762134 0.999990404 1
1694344985.704871 1.417329669 0.002422301 -0.017313134 0.000801134 -0.004658284 0.000680474 0.999988556 1
1694344985.970678 1.648596883 0.008995450 -0.018084323 0.000623100 -0.005015945 0.000462295 0.999987125 1
1694344986.237459 1.900342703 -0.000522743 -0.011374890 -0.000079856 -0.004837580 0.000978331 0.999987841 1
1694344986.504059 2.166058064 -0.008244641 -0.010172633 -0.000622666 -0.004820104 0.001309146 0.999987304 1
1694344986.771163 2.457908630 -0.000453021 -0.015221036 -0.001527268 -0.004894068 0.000850908 0.999986470 1
1694344987.103842 2.827195644 0.001031443 0.000537782 -0.001604548 -0.003907746 0.001291872 0.999990225 1
1694344987.437013 3.214928865 -0.003234795 0.013343807 -0.000918788 -0.002764973 0.001490277 0.999994636 1
1694344987.708800 3.534379005 -0.013549676 0.018667962 -0.000792183 -0.002126373 0.002081393 0.999995232 1
1694344988.037881 3.949619532 -0.000911601 0.026513342 -0.000990162 -0.001145095 0.001837814 0.999997139 1
1694344988.370542 4.375631332 0.010773134 0.016801003 -0.001198048 -0.000360570 0.001576282 0.999997973 1
1694344988.709444 4.822135448 0.005951074 0.027503163 -0.000749393 0.001018623 0.001921605 0.999997318 1
1694344989.042642 5.282812119 -0.001899496 0.017400410 -0.001325848 0.000213720 0.002947515 0.999994755 1
1694344989.438165 5.846287251 -0.004641406 0.043036859 -0.000876279 0.002074886 0.003186025 0.999992371 1
1694344989.840276 6.405579090 -0.005900849 0.042353790 -0.000921275 0.001845995 0.003603668 0.999991357 1
1694344990.238060 6.998598576 -0.011425951 0.033110160 -0.001278248 0.000853883 0.004615360 0.999988139 1
1694344990.576822 7.509990215 -0.002479712 0.024174683 -0.001424710 0.000076591 0.004583084 0.999988496 1
1694344990.910260 8.034966469 0.004871145 0.029517852 -0.001140087 0.000189474 0.004724554 0.999988139 1
1694344990.976376 8.139934540 0.006033084 0.033218645 -0.001566432 0.000586612 0.004737746 0.999987364 1
1694344991.309841 8.677693367 0.003862359 0.029065123 -0.002084508 -0.000281273 0.005635000 0.999981880 1
1694344991.438078 8.894820213 0.010657303 0.036457952 -0.001720401 0.000301033 0.005689277 0.999982297 1
1694344991.777967 9.437370300 0.017882938 0.030379409 -0.001889535 -0.000936500 0.006156415 0.999978840 1
1694344992.111194 9.966004372 0.025302092 0.041813616 -0.001767633 0.000011182 0.005947428 0.999980748 1
1694344992.177780 10.077919960 0.020462131 0.038981225 -0.001630103 -0.000257280 0.006249866 0.999979079 1
1694344992.571269 10.704710960 0.019461768 0.053108059 -0.002398531 0.000674443 0.006400716 0.999976397 1
1694344992.843434 11.129634857 0.013946559 0.048578203 -0.002423153 -0.000081867 0.006852207 0.999973595 1
1694344993.178245 11.649037361 0.006979099 0.050208513 -0.003212759 -0.000112414 0.007709407 0.999965072 1
1694344993.438542 12.060712814 0.021753224 0.057097714 -0.004016175 0.001384445 0.007448112 0.999963224 1
1694344993.643615 12.371825218 0.047770090 0.050051391 -0.005617115 0.001667915 0.006417788 0.999962211 1
1694344993.904710 12.791367531 0.038644843 0.043503318 -0.005846202 0.001445189 0.007288571 0.999955297 1
1694344994.171512 13.205151558 0.040488433 0.047976125 -0.005703105 0.002270113 0.007663781 0.999951780 1
1694344994.442771 13.619856834 0.042592146 0.049425103 -0.004604306 0.002511739 0.009269106 0.999943256 1
1694344994.710315 14.035602570 0.033552773 0.045061763 -0.003906150 0.001975479 0.012450599 0.999912918 1
1694344994.973222 14.447031021 0.055307169 0.054151874 -0.002192355 0.002961821 0.015671765 0.999870420 1
1694344995.304937 14.956324577 0.066990882 0.043315604 -0.002908620 0.001325441 0.021575660 0.999762118 1
1694344995.583365 15.366780281 0.088637710 0.031613264 -0.003539012 -0.000216151 0.026445782 0.999643922 1
1694344995.843901 15.766495705 0.096897431 0.022326065 -0.002947483 -0.001447783 0.034165043 0.999410808 1
1694344996.174096 16.266374588 0.109547645 0.017240113 -0.003994177 -0.001308855 0.049033213 0.998788297 1
1694344996.507470 16.756372452 0.166020259 -0.000996369 -0.002485361 -0.002530649 0.068565316 0.997640312 1
1694344996.840700 17.241907120 0.232941091 -0.006971076 -0.002331563 -0.003804216 0.094306126 0.995533228 1
1694344997.174016 17.721445084 0.260197997 -0.007353811 -0.003533415 -0.003747938 0.130101740 0.991487265 1
1694344997.507432 18.169401169 0.321649969 -0.010744354 -0.001713674 -0.003958098 0.170064986 0.985423446 1
1694344997.780102 18.499248505 0.407761157 -0.006862601 -0.002156263 -0.003829431 0.202684253 0.979234278 1
1694344998.107665 18.913059235 0.513282180 -0.014837599 -0.001983986 -0.004501549 0.244634867 0.969602823 1
1694344998.441540 19.277299881 0.714097023 -0.015325286 -0.002416831 -0.004802636 0.283646584 0.958913803 1
1694344998.712069 19.533420563 0.875176847 0.003782740 -0.002247436 -0.003640177 0.315058470 0.949062645 1
1694344998.977875 19.792146683 1.039147377 0.001302036 -0.002673952 -0.004288994 0.346374840 0.938082576 1
1694344999.307289 20.106403351 1.247306943 0.006884744 -0.002007844 -0.004227318 0.385681510 0.922620118 1
1694344999.578136 20.276556015 1.462840915 0.018387400 -0.002209269 -0.003366561 0.413945884 0.910292566 1
1694344999.844727 20.474746704 1.665707231 0.022745915 -0.002040014 -0.002984746 0.443276972 0.896377385 1
1694345000.174770 20.742113113 1.907456279 0.009107199 -0.001824215 -0.004401416 0.479862988 0.877330482 1
1694345000.508513 20.971473694 2.184383869 -0.001482330 -0.002256151 -0.005299936 0.514761984 0.857313752 1
1694345000.842056 21.171596527 2.472590923 0.008947802 -0.001926293 -0.004209942 0.548259199 0.836295664 1
1694345001.178325 21.296096802 2.789319038 -0.012940533 -0.001165161 -0.005289838 0.577206969 0.816579938 1
1694345001.511877 21.466781616 3.101184368 -0.002540519 -0.002253928 -0.005509224 0.603697121 0.797191560 1
1694345001.845105 21.603847504 3.437694550 0.005225954 -0.002538123 -0.005351622 0.625101209 0.780521274 1
1694345002.179213 21.698040009 3.782750845 0.014421556 -0.003038838 -0.005177122 0.641902745 0.766762555 1
1694345002.445789 21.687215805 4.079051495 0.000558858 -0.000868336 -0.005103291 0.650782824 0.759246290 1
1694345002.778989 21.778926849 4.458056450 -0.000604535 -0.000587645 -0.005893759 0.663740575 0.747939467 1
1694345003.045755 21.832986832 4.765656471 -0.001393207 0.000007250 -0.005907197 0.672013640 0.740515172 1
1694345003.312511 21.869306564 5.084351063 0.005809576 -0.000691521 -0.005501250 0.677659631 0.735354900 1
1694345003.646138 21.909643173 5.485435963 0.016703740 -0.001704324 -0.005243097 0.682169914 0.731172919 1
1694345003.912348 21.928468704 5.816020489 0.015592596 -0.002103120 -0.005511595 0.683873892 0.729576409 1
1694345004.245316 21.938116074 6.234553337 0.025076188 -0.002132517 -0.004923290 0.685250342 0.728287816 1
1694345004.580423 21.955348969 6.673679352 0.030007610 -0.001742408 -0.004665903 0.686148047 0.727444947 1
1694345004.912974 21.981845856 7.115339279 0.034788758 -0.001706955 -0.004148482 0.687334180 0.726327538 1
1694345005.380553 22.009815216 7.747862339 0.041025072 -0.002083169 -0.003952621 0.687892139 0.725799203 1
1694345005.713787 22.035432816 8.197325706 0.037045844 -0.002084446 -0.004718983 0.688976526 0.724765360 1
1694345006.046147 22.066677094 8.670620918 0.035321023 -0.001917992 -0.004561449 0.690115392 0.723682463 1
1694345006.380024 22.097536087 9.148628235 0.061778855 -0.003148614 -0.003998599 0.690682769 0.723140001 1
1694345006.712429 22.107255936 9.619557381 0.068274677 -0.003862262 -0.004408805 0.690742195 0.723077476 1
1694345007.044511 22.154775620 10.105633736 0.054972537 -0.002134964 -0.003836919 0.692329824 0.721567869 1
1694345007.379282 22.153772354 10.593678474 0.051189933 -0.001328326 -0.004258778 0.692175984 0.721715093 1
1694345007.445821 22.184722900 10.684463501 0.046712443 -0.001677184 -0.004708566 0.693145812 0.720780075 1
1694345007.780658 22.175657272 11.169282913 0.043991331 -0.000276660 -0.004100249 0.692493737 0.721412182 1
1694345007.848191 22.183010101 11.266813278 0.041933265 0.000276205 -0.003615365 0.692787111 0.721133053 1
1694345008.180558 22.206005096 11.767411232 0.043346815 -0.000527708 -0.005063558 0.693411648 0.720523775 1
1694345008.247356 22.214656830 11.861402512 0.051734366 -0.000892565 -0.004390663 0.693787813 0.720165610 1
1694345008.578073 22.234365463 12.363344193 0.047556527 -0.000765940 -0.004772224 0.694067717 0.719893515 1
1694345008.646203 22.232429504 12.454537392 0.043724567 -0.001223660 -0.005373255 0.693855524 0.720093191 1
1694345008.981142 22.253589630 12.950287819 0.047810026 -0.000213457 -0.004465341 0.694438398 0.719538331 1
1694345009.316663 22.267993927 13.456277847 0.039913330 -0.001471503 -0.005819263 0.694828928 0.719150066 1
1694345009.447407 22.301809311 13.647865295 0.046613310 -0.001643616 -0.005886347 0.695822299 0.718187988 1
1694345009.779723 22.313470840 14.143210411 0.055369843 -0.000407082 -0.003775993 0.695953488 0.718076766 1
1694345009.847223 22.317647934 14.244430542 0.055265646 -0.000542436 -0.004025667 0.696192622 0.717843533 1
1694345010.179496 22.338348389 14.744325638 0.060469829 -0.000299794 -0.003759325 0.696550429 0.717498004 1
1694345010.246521 22.323995590 14.848933220 0.063336395 -0.000177481 -0.003514471 0.696132898 0.717904389 1
1694345010.580508 22.337261200 15.357721329 0.062282383 0.000744500 -0.003200489 0.696719050 0.717336655 1
1694345010.646981 22.337106705 15.455877304 0.064293161 0.000974734 -0.002829924 0.696444392 0.717604518 1
1694345010.984858 22.365049362 15.962637901 0.071190573 0.000694492 -0.003065854 0.697184503 0.716884911 1
1694345011.314902 22.407230377 16.458822250 0.080984920 -0.000663921 -0.006117411 0.698024035 0.716048002 1
1694345011.647714 22.423955917 16.955253601 0.070914939 0.000647608 -0.006783556 0.698524296 0.715553880 1
1694345011.976709 22.465847015 17.434837341 0.072191827 0.001396591 -0.006619720 0.699731648 0.714373827 1
1694345012.250170 22.456165314 17.826168060 0.058083192 0.002770150 -0.007056457 0.699388504 0.714701593 1
1694345012.577486 22.493188858 18.320449829 0.060799498 0.003583787 -0.007679711 0.700949311 0.713160813 1
1694345012.912732 22.470968246 18.786542892 0.078147955 0.002988161 -0.007992437 0.700105906 0.713988066 1
1694345013.243003 22.529794693 19.260456085 0.089320727 0.001081904 -0.008758449 0.701902509 0.712218344 1
1694345013.581185 22.488374710 19.721204758 0.102512389 0.000398880 -0.007843189 0.700848103 0.713267326 1
1694345013.914247 22.497991562 20.183866501 0.105780795 0.001032463 -0.006545855 0.701248288 0.712886512 1
1694345014.247997 22.511415482 20.658592224 0.118378982 0.000862271 -0.005172146 0.701510787 0.712639570 1
1694345014.519783 22.531837463 21.037187576 0.125311017 0.000133386 -0.005039579 0.701997221 0.712161899 1
1694345014.843840 22.532342911 21.501502991 0.125638291 -0.000722575 -0.004687450 0.702039659 0.712122142 1
1694345015.181626 22.526294708 21.965480804 0.129865885 -0.000866686 -0.004885650 0.701777697 0.712378800 1
1694345015.513737 22.537788391 22.429508209 0.134034455 -0.001458496 -0.005250306 0.702656507 0.711508453 1
1694345015.787030 22.541091919 22.801282883 0.151557460 -0.001961434 -0.004160446 0.702845335 0.711327910 1
1694345016.049257 22.555498123 23.182655334 0.139607713 -0.000714860 -0.004527724 0.703497827 0.710682690 1
1694345016.383818 22.567880630 23.661392212 0.128717110 -0.000765825 -0.006560389 0.703705013 0.710461557 1
1694345016.647452 22.562858582 24.044387817 0.136183858 -0.000641392 -0.006572205 0.703933060 0.710235715 1
1694345016.915327 22.567367554 24.429138184 0.136612743 0.000007121 -0.006157912 0.704439640 0.709737241 1
1694345017.181103 22.577751160 24.813211441 0.144308776 -0.000419586 -0.006806061 0.705036998 0.709137738 1
1694345017.381434 22.565811157 25.099262238 0.137655213 0.000586880 -0.006122742 0.704702020 0.709476769 1
1694345017.648939 22.557235718 25.481449127 0.140284315 0.000235463 -0.006412800 0.704278052 0.709895313 1
1694345017.911384 22.564023972 25.852146149 0.146509171 -0.000220565 -0.006372008 0.704555988 0.709619761 1
1694345018.181911 22.573101044 26.245759964 0.148557663 0.000372722 -0.006106632 0.704904974 0.709275424 1
1694345018.449121 22.596483231 26.619426727 0.174882099 -0.001369751 -0.005377351 0.705765545 0.708423674 1
1694345018.715314 22.587869644 27.012035370 0.156803310 0.003144592 -0.007508277 0.705937028 0.708227932 1
1694345019.049040 22.596572876 27.439624786 0.168648347 -0.001988694 -0.005847700 0.705906451 0.708278179 1
1694345019.385107 22.601148605 27.902219772 0.162010550 0.000332521 -0.005292812 0.705556035 0.708634317 1
1694345019.650237 22.587245941 28.279096603 0.161473557 0.000288842 -0.006624556 0.703828692 0.710338831 1
1694345019.980129 22.585950851 28.743415833 0.171037287 0.001231168 -0.006001266 0.703474462 0.710694134 1
1694345020.249206 22.600021362 29.106235504 0.164887607 0.001230440 -0.006266760 0.703582466 0.710584939 1
1694345020.582422 22.617551804 29.584266663 0.171861500 0.000776826 -0.007553145 0.703385830 0.710767746 1
1694345020.915100 22.617523193 30.009073257 0.251180857 -0.005578413 0.001222968 0.702154756 0.712001562 1
1694345021.245494 22.627365112 30.460268021 0.169141948 0.003475140 -0.010184984 0.702581465 0.711521983 1
1694345021.584989 22.628154755 30.908422470 0.228038117 -0.001949096 -0.005493682 0.701965332 0.712187350 1
1694345021.919383 22.642858505 31.356279373 0.213083863 -0.000184733 -0.006411992 0.702216744 0.711934328 1
1694345022.253024 22.646268845 31.812187195 0.216081202 -0.001168057 -0.005942062 0.702685356 0.711475015 1
1694345022.648834 22.660318375 32.364822388 0.238703281 -0.001811506 -0.004732822 0.704516292 0.709669769 1
1694345022.984791 22.658910751 32.826797485 0.249787852 -0.001181411 -0.003657632 0.706892014 0.707311153 1
1694345023.385311 22.677276611 33.390914917 0.243708923 -0.001352289 -0.004414347 0.710931599 0.703245997 1
1694345023.716131 22.679639816 33.869216919 0.256969005 -0.002076396 -0.004632864 0.714442015 0.699676216 1
1694345024.049436 22.677099228 34.333518982 0.244572207 -0.000958180 -0.005659714 0.718497932 0.695505500 1
1694345024.315302 22.666837692 34.705684662 0.250564456 -0.000389519 -0.005558556 0.721122921 0.692784727 1
1694345024.586460 22.659585953 35.099533081 0.252108216 0.000324945 -0.005420623 0.723932505 0.689849555 1
1694345024.912760 22.655584335 35.580055237 0.247373864 0.000763128 -0.005678983 0.727884531 0.685675859 1
1694345025.248471 22.638471603 36.067127228 0.240702331 0.002199117 -0.005561706 0.731484950 0.681831360 1
1694345025.582981 22.616714478 36.553043365 0.248115063 0.001827142 -0.005462800 0.734809101 0.678249657 1
1694345025.852763 22.589216232 36.949886322 0.240186393 0.002275405 -0.006414560 0.737464488 0.675351679 1
1694345026.182106 22.558910370 37.439281464 0.244009405 0.002334324 -0.006285405 0.742144465 0.670206487 1
1694345026.516765 22.523752213 37.935665131 0.239697516 0.002852413 -0.006165789 0.748294950 0.663331449 1
